autumn_forest <- list(
  colors = c("#FD7D07", 
             "#CC351B", 
             "#E06C19", 
             "#D2B0AD", 
             "#603B23", 
             "#B0A8B8", 
             "#BB3326", 
             "#FF8001", 
             "#D0302D", 
             "#DC5626",
             "#FCFDFF"),
  bg = "#F8D8A9")

no_expectations <- list(
  colors = c("#D3446F",
             "#AC214C",
             "#ECEF5A",
             "#2A4FD2",
             "#4EC7AF",
             "#E47A27",
             "#2C3F94",
             "#C94870",
             "#B52C5F",
             "#CD476F"),
  bg = "#1A191E",
  bg2 = "#5D8679"
)

miles_cmyk_still <- list(
  colors = c("#FDFF6A",
             "#0AFFFF",
             "#D5FF92",
             "#74FF3D",
             "#052FFE",
             "#FD03FF",
             "#F7F8FF",
             "#000000"),
  bg = "#0AFFFF",
  bg2 = "#FDFF6A"
)

gwen <- list (
  colors = c("#640170",
             "#E51C52",
             "#F64242",
             "#AF6090",
             "#D1C3D4",
             "#F478B6",
             "#EB5C91",
             "#0F3F63",
             "#42A4E5",
             "#4A1049",
             "#CC2A79",
             "#FC7EEC"),
  bg = "#A9508A",
  bg2 = "#D872B4",
  bg3 = "#DDD6E7",
  bg4 = "#0E6580"
)

barrio <- list(
  colors = c("#D97B92",
             "#BBDFF8",
             "#E9BDDE",
             "#D96884",
             "#6C79AB",
             "#AE95B2",
             "#FAFCFF",
             "#C184AD",
             "#52497B"),
  bg = "#D3C7D2",
  bg2 = "#F5F4FF"
)

boom <- list(
  colors = c("#FFF100",
             "#EDA107",
             "#CF2339",
             "#1F6B9C",
             "#81DDCE",
             "#F3EFC1"),
  bg = "#ECFEFF"
)

sunset <- list(
  colors = c("#D25268",
             "#D14C59",
             "#D4556E",
             "#F27860",
             "#A36382",
             "#744A66",
             "#DB8071",
             "#C1749C"),
  bg = "#FFA67F",
  bg2 = "#5A5F7B"
)

nyc1 <- list(
  colors = c("#F1FFFF",
             "#FFFDA7",
             "#DBFDF8",
             "#FCCDFD",
             "#39E8FF",
             "#CA65E5",
             "#F8F252"),
  bg = "#2C3861"
)

nyc2 <- list(
  colors = c("#E200E9",
             "#B1E4FC",
             "#35FF67",
             "#F6A319",
             "#9F70FA",
             "#1D2BF3",
             "#D2E094"),
  bg = "#2C427F",
  bg2 = "#041527",
  bg3 = "#7F7D85"
)

dots1 <- list(
  colors = c("#FFCB8C",
             "#FFB37C",
             "#EE8C3B",
             "#F5434A",
             "#14A8EC",
             "#EF42DF",
             "#253F85",
             "#93E2FF",
             "#FFF4B1"),
  bg = "#FFFCF5",
  bg2 = "#DEB5DA"
)

dots2 <- list(
  colors = c("#0C66C2",
             "#21C1F9",
             "#FF7FFF",
             "#D200CB",
             "#E401AD",
             "#E4007B",
             "#E6004D",
             "#F2259E",
             "#FB778F"),
  bg = "#FFE9E7",
  bg2 = "#FCCEAB"
)

dots3 <- list(
  colors = c("#8E91BC",
             "#A782C9",
             "#62C3E6",
             "#39BFC4",
             "#4CDDB3"),
  bg = "#9BFFE9"
)

dots4 <- list(
  colors = c("#EAB12F",
             "#C9C85B",
             "#C6CF70",
             "#F7F2B0",
             "#B1C45B",
             "#D4990A"),
  bg = "#EBE2AA",
  bg2 = "#A8BB7A",
  bg3 = "#E2DA6D",
  bg4 = "#B1A556"
)